-387 200
-379 199
-365 194
-352 192
-349 189
-345 182
-337 173
-325 164
-314 164
-312 165
-305 173
-300 178
-281 188
-276 195
-257 200
-246 197
-226 191
-207 200
-202 197
-183 199
-170 189
-153 181
-141 190
-129 186
-116 188
-98 181
-87 173
-84 168
-67 165
-52 164
-44 171
-35 176
-23 168
-14 160
-12 160
5 164
21 165
24 172
35 178
52 172
67 162
70 162
87 153
100 150
103 141
117 147
121 146
139 137
146 130
163 140
169 140
180 142
194 145
200 147
215 150
226 146
243 149
246 157
265 158
267 165
279 175
281 176
283 169
286 162
292 170
310 168
324 175
340 176
353 166
370 176
374 186
387 184
396 188
415 196
